2147483647C
1621409155 79311
17151 1
33464 1
53353 1
43690 1
13098 1
43650 1
10171 1
88740 1
3187 1
34418 1
5534 1
5475 1
20327 1
66404 1
48002 1
8453 1
12380 1
22212 1
45239 1
8355 1
5757 1
25604 1
22547 1
22458 1
22530 1
3807 1
22563 1
38903 1
3574 1
118999 1
17831 1
21539 1
17031 1
22715 1
15151 1
23037 1
29130 1
21340 1
22463 1
52345 1
7805 1
22091 1
22196 1
22182 1
22163 1
22307 1
22098 1
25508 1
90908 1
21806 1
17858 1
8792 1
23298 1
18241 1
3948 1
22081 1
22316 1
20313 1
30557 1
3128 1
18177 1
17351 1
37445 1
24962 1
27122 1
4232 1
2589 1
3298 1
15668 1
3135 1
118999 1
3005 1
26810 1
10656 1
10154 1
28785 1
17113 1
19671 1
3929 1
3842 1
21373 1
30551 1
5806 1
29920 1
52346 1
4129 1
9018 1
18089 1
21140 1
2752 1
8349 1
8348 1
28894 1
6279 1
28006 1
22150 1
48837 1
4585 1
7381 1
23572 1
3343 1
18535 1
18597 1
51552 1
15944 1
7640 1
8039 1
27430 1
3770 1
9916 1
93353 1
20844 1
4090 1
24230 1
65201 1
40336 1
3506 1
7375 1
13098 1
8300 1
25580 1
4033 1
17365 1
7900 1
7370 1
92895 1
33490 1
38912 1
18215 1
3137 1
22196 1
35566 1
3288 1
22443 1
7362 1
17598 1
26408 1
43979 1
13010 1
9039 1
3542 1
52346 1
7373 1
16118 1
26397 1
28609 1
7364 1
45968 1
3330 1
4024 1
64588 1
6204 1
17373 1
29901 1
22198 1
17774 1
17359 1
3988 1
18693 1
89209 1
72600 1
9900 1
5819 1
13098 1
18841 1
2981 1
18256 1
23901 1
23058 1
21172 1
24613 1
25297 1
22064 1
38905 1
19340 1
59946 1
18179 1
27257 1
35782 1
13084 1
27427 1
38764 1
46011 1
28762 1
6606 1
24962 1
18535 1
3772 1
2743 1
52346 1
64432 1
5988 1
23935 1
13301 1
15767 1
