2147483647C
1777123701 47677
3254 1
4931 1
2720 1
3265 1
3075 1
3007 1
2720 1
3141 1
2725 1
3087 1
3001 1
3114 1
3260 1
2956 1
2730 1
2725 1
2979 1
4385 1
3186 1
3555 1
3141 1
3006 1
3159 1
3011 1
3167 1
3163 1
3100 1
3007 1
3156 1
3148 1
3015 1
3166 1
3125 1
3165 1
3006 1
3009 1
3012 1
3150 1
3113 1
2997 1
3148 1
3117 1
3111 1
2999 1
3146 1
2762 1
3052 1
2769 1
2789 1
2769 1
2774 1
3065 1
10901 1
2800 1
2781 1
2786 1
2800 1
2795 1
6314 1
6364 1
4189 1
3753 1
3818 1
3713 1
3712 1
3807 1
3728 1
3724 1
3695 1
3761 1
4197 1
4207 1
4158 1
4489 1
3703 1
4167 1
3134 1
3203 1
3032 1
3174 1
2997 1
3716 1
4218 1
3748 1
4193 1
3694 1
2784 1
4197 1
3618 1
3746 1
3679 1
3827 1
2998 1
4457 1
3685 1
3718 1
2756 1
2784 1
2756 1
2779 1
2751 1
2784 1
3332 1
4757 1
3340 1
3335 1
3731 1
3848 1
3391 1
3425 1
3737 1
3709 1
2765 1
2777 1
2782 1
2765 1
2760 1
2777 1
6310 1
6813 1
2771 1
2766 1
2776 1
6822 1
4182 1
3721 1
2792 1
2767 1
2782 1
2772 1
2767 1
2792 1
2762 1
6866 1
6907 1
6879 1
6812 1
6962 1
6937 1
6794 1
6971 1
6917 1
6923 1
6916 1
6952 1
6937 1
6692 1
2711 1
2711 1
2711 1
2976 1
2754 1
2749 1
2754 1
9673 1
2716 1
2716 1
2716 1
2973 1
2752 1
2766 1
2766 1
2752 1
2766 1
2737 1
7567 1
9760 1
